h = 20;
Point(1) = {153.500000,200.324489,0,h};
Point(2) = {158.963686,201.250000,0,h};
Point(3) = {167.965014,208.000000,0,h};
Point(4) = {172.706169,210.000000,0,h};
Point(5) = {182.000000,219.284314,0,h};
Point(6) = {194.793651,220.000000,0,h};
Point(7) = {198.315402,218.500000,0,h};
Point(8) = {203.290227,216.000000,0,h};
Point(9) = {208.000000,212.784314,0,h};
Point(10) = {211.500000,210.797024,0,h};
Point(11) = {217.000000,208.280821,0,h};
Point(12) = {225.006554,207.000000,0,h};
Point(13) = {235.176955,208.000000,0,h};
Point(14) = {240.215686,209.000000,0,h};
Point(15) = {245.225410,210.000000,0,h};
Point(16) = {248.065611,214.085062,0,h};
Point(17) = {249.500000,221.306913,0,h};
Point(18) = {252.110407,229.150996,0,h};
Point(19) = {251.500000,226.787318,0,h};
Point(20) = {256.100410,244.609756,0,h};
Point(21) = {255.000000,253.215686,0,h};
Point(22) = {253.000000,258.719179,0,h};
Point(23) = {249.690499,265.000000,0,h};
Point(24) = {246.601537,270.345249,0,h};
Point(25) = {241.109365,283.370614,0,h};
Point(26) = {237.000000,292.183036,0,h};
Point(27) = {235.000000,301.215686,0,h};
Point(28) = {234.000000,307.203187,0,h};
Point(29) = {233.000000,314.215686,0,h};
Point(30) = {232.000000,322.215686,0,h};
Point(31) = {231.000000,329.203187,0,h};
Point(32) = {230.000000,350.219124,0,h};
Point(33) = {230.000000,388.873737,0,h};
Point(34) = {201.392157,390.107843,0,h};
Point(35) = {172.000000,385.215686,0,h};
Point(36) = {171.000000,381.179825,0,h};
Point(37) = {170.000000,376.161905,0,h};
Point(38) = {169.000000,371.215686,0,h};
Point(39) = {168.000000,365.215686,0,h};
Point(40) = {167.289899,361.500000,0,h};
Point(41) = {165.000000,353.200873,0,h};
Point(42) = {164.000000,349.228216,0,h};
Point(43) = {163.286989,345.500000,0,h};
Point(44) = {157.500000,327.692593,0,h};
Point(45) = {144.824951,298.500000,0,h};
Point(46) = {140.806452,293.000000,0,h};
Point(47) = {132.784314,284.000000,0,h};
Point(48) = {128.787402,279.000000,0,h};
Point(49) = {127.303592,276.000000,0,h};
Point(50) = {122.000000,238.787402,0,h};
Point(51) = {123.500000,234.275136,0,h};
Point(52) = {126.000000,224.823045,0,h};
Point(53) = {127.000000,220.784314,0,h};
Point(54) = {128.500000,216.788709,0,h};
Point(55) = {138.784314,202.000000,0,h};
Point(56) = {141.000000,200.784314,0,h};
Point(57) = {149.785425,200.000000,0,h};

Line(1) = {1, 2};
Line(2) = {2, 3};
Line(3) = {3, 4};
Line(4) = {4, 5};
Line(5) = {5, 6};
Line(6) = {6, 7};
Line(7) = {7, 8};
Line(8) = {8, 9};
Line(9) = {9, 10};
Line(10) = {10, 11};
Line(11) = {11, 12};
Line(12) = {12, 13};
Line(13) = {13, 14};
Line(14) = {14, 15};
Line(15) = {15, 16};
Line(16) = {16, 17};
Line(17) = {17, 18};
Line(18) = {18, 19};
Line(19) = {19, 20};
Line(20) = {20, 21};
Line(21) = {21, 22};
Line(22) = {22, 23};
Line(23) = {23, 24};
Line(24) = {24, 25};
Line(25) = {25, 26};
Line(26) = {26, 27};
Line(27) = {27, 28};
Line(28) = {28, 29};
Line(29) = {29, 30};
Line(30) = {30, 31};
Line(31) = {31, 32};
Line(32) = {32, 33};
Line(33) = {33, 34};
Line(34) = {34, 35};
Line(35) = {35, 36};
Line(36) = {36, 37};
Line(37) = {37, 38};
Line(38) = {38, 39};
Line(39) = {39, 40};
Line(40) = {40, 41};
Line(41) = {41, 42};
Line(42) = {42, 43};
Line(43) = {43, 44};
Line(44) = {44, 45};
Line(45) = {45, 46};
Line(46) = {46, 47};
Line(47) = {47, 48};
Line(48) = {48, 49};
Line(49) = {49, 50};
Line(50) = {50, 51};
Line(51) = {51, 52};
Line(52) = {52, 53};
Line(53) = {53, 54};
Line(54) = {54, 55};
Line(55) = {55, 56};
Line(56) = {56, 57};
Line(57) = {57, 1};


Line Loop(58) = {1 ,2 ,3 ,4 ,5 ,6 ,7 ,8 ,9 ,10 ,11 ,12 ,13 ,14 ,15 ,16 ,17 ,18 ,19 ,20 ,21 ,22 ,23 ,24 ,25 ,26 ,27 ,28 ,29 ,30 ,31 ,32 ,33 ,34 ,35 ,36 ,37 ,38 ,39 ,40 ,41 ,42 ,43 ,44 ,45 ,46 ,47 ,48 ,49 ,50 ,51 ,52 ,53 ,54 ,55 ,56 ,57};

Plane Surface(59) = {58};

