# Created by Octave 4.0.3, Fri Jul 20 12:10:05 2018 CEST <Silvia@Silvias-iMac-2.local>
# name: a1
# type: matrix
# rows: 50
# columns: 1
 0.01295900214464798
 -0.003953779213909259
 -0.005721799171097717
 -0.001075825010241095
 0.0009979403097864002
 0.0821318148753655
 0.08828360835717221
 0.06299669120149173
 0.02458111572136401
 -0.0004144111270490886
 0.1077420238492314
 0.131447255588641
 0.09157339384713566
 0.03508617549236286
 -0.00379129581108979
 0.07487448044995657
 0.1126495920195918
 0.07655784367504434
 0.02972776267644552
 -0.01749849631215855
 -0.0001931961976075746
 0.0004585959736771264
 0.005449570616009499
 0.003536126540920874
 -0.02557913143269629
 0.002790553613617976
 0.002996582227531281
 0.001152045846933006
 0.0005466181165823101
 0.000574730944635604
 -0.02337298570719959
 -0.01972471960329284
 -0.01331196251578222
 -0.005821504470780628
 -0.003232923881984892
 -0.01476219261930133
 -0.02789418236723777
 -0.01976988584176858
 -0.007802573125363348
 -0.002127756458613747
 -0.005715743431681262
 -0.02526090500058337
 -0.01677340325660844
 -0.005699882197994066
 0.005761785760882041
 -8.457810248875303e-05
 0.0002224159206477587
 -4.407792536396716e-05
 -0.0006364818657512615
 -0.0007341493785381298


