# Created by Octave 4.0.3, Wed Jul 18 15:51:40 2018 CEST <silviabertoluzza@eduroam-053-045.wlan.univie.ac.at>
# name: a1
# type: matrix
# rows: 50
# columns: 1
 0.02229279597011223
 0.00766358951992093
 -0.008484690391601244
 0.01387263326955834
 -0.02035407134624513
 0.05230680526648851
 0.08860840272082808
 0.06348509369263974
 0.0261561483650541
 -0.01173396156124104
 0.1123401190997698
 0.130548226990588
 0.09189953935372158
 0.03526627043638907
 -0.0015432096951908
 0.05357434911150203
 0.1114668629666282
 0.07693863471221059
 0.02956586223233891
 -0.009730907372581643
 0.01982923418796571
 0.004717555429799606
 0.002184630036349648
 0.007261433507398139
 -0.004322222421066845
 0.002903021455641672
 0.007860112977191113
 0.002197552240856768
 0.002333886604958839
 -0.001679627580523799
 -0.009369189392666514
 -0.01941242611349665
 -0.01311974117787668
 -0.004579643347134124
 -0.002721432000085699
 -0.02170094703838711
 -0.02851948404186408
 -0.0194415691153536
 -0.00809583745179707
 -0.002597121518344379
 -0.001383332583265655
 -0.02483441028016699
 -0.01634033576191547
 -0.00572507353967336
 0.006701924662081818
 -0.00210128730016257
 0.0003604020303955058
 -0.0004203286670784347
 -0.001497442361611371
 -0.002555387583191606


# name: T1
# type: matrix
# rows: 4096
# columns: 1
 0.7393977280790269
 0.7564254084207818
 0.7509765624999999
 0.7568359375
 0.7512582238049914
 0.7562072556074212
 0.7503263967242021
 0.7520661413333956
 0.7538839094281761
 0.75390625
 0.75390625
 0.7550705544964538
 0.7567190286434845
 0.7578125
 0.7577599779011568
 0.7576615117125775
 0.7565792231955948
 0.7562760577648798
 0.7568392206503235
 0.7569769352726757
 0.7550951785191635
 0.7553885372277055
 0.7525396232243599
 0.7520643480073502
 0.7507603879336804
 0.7521064528772788
 0.7557631067085326
 0.7573236292214445
 0.7551389928432745
 0.75088697862906
 0.7460901971048891
 0.7409511352514293
 0.7535885336568832
 0.7391600362794775
 0.7396676284559673
 0.7303549398080517
 0.7624518193968148
 0.7932627999027128
 0.77209586086704
 0.7611761596400948
 0.7850886603029963
 0.8245912101413768
 0.7562640051593235
 0.735557596878638
 0.7302356958563614
 0.7451677950255969
 0.7507772999625857
 0.7358543039000605
 0.7323004059193216
 0.728884492482563
 0.7277018144140196
 0.7238620519029189
 0.720646070007633
 0.7196059950301752
 0.7126776462526325
 0.7013439551791947
 0.7011898644288668
 0.6904682685546665
 0.6900638100822387
 0.692701230584848
 0.6860767058785916
 0.6696166918458591
 0.6531082883254349
 0.6310164572420276
 0.7434620292902496
 0.7547942152051578
 0.7533117238336753
 0.7568055993400395
 0.7509765624999999
 0.756696195741463
 0.75
 0.7505529162286505
 0.7523520094006123
 0.7526652440358063
 0.7538901631992427
 0.7539425917576681
 0.7561869011733474
 0.7568174518291632
 0.7504817552762587
 0.7443961373519171
 0.7446252376222035
 0.7448800808335826
 0.7455116868854693
 0.7457007268908991
 0.745825240885413
 0.7441455732622615
 0.7423808105310924
 0.7447669232021643
 0.749879512105204
 0.7508816150234481
 0.7538936549012909
 0.7538892366345733
 0.7531577533166379
 0.7492261200408455
 0.7453996401797937
 0.7466263496472213
 0.7555039119337383
 0.7110764903771107
 0.7975643791857571
 0.825533921037152
 0.6706938827875776
 0.4694398141972044
 0.3710061218206482
 0.345491750323202
 0.3920066112192264
 0.5600803227064106
 0.7526551545772077
 0.771004119947957
 0.7399936624381402
 0.7235808652298706
 0.7099132367109827
 0.7195858395465979
 0.7174341697492995
 0.7167537768083869
 0.7129988203570089
 0.7116691014756589
 0.7088057320476268
 0.7082634076070471
 0.7034633505944691
 0.6901900422185256
 0.6835176963237201
 0.6666889781359376
 0.6620501971705517
 0.661529191711809
 0.6559809252191953
 0.6444072303403073
 0.6366565444855973
 0.6307013417926788
 0.7569385030125104
 0.751944103920786
 0.7532480803849618
 0.7551499950250092
 0.7508632737311526
 0.7553177927060047
 0.7487648083096127
 0.7493074244494191
 0.7500000000000001
 0.7511614337164965
 0.7532560964453705
 0.7534924417182894
 0.753908272666266
 0.7528519163266916
 0.7405706636368021
 0.7392578125
 0.7392578125
 0.7411079501627514
 0.7427472476962347
 0.7427211562419783
 0.7426433145878988
 0.7422500947373456
 0.7422692738613089
 0.7459328828345357
 0.7493083653629261
 0.7503489769188846
 0.7504771807454625
 0.7504800463882134
 0.7478815851095221
 0.7462537799285041
 0.7435723575258968
 0.7418687986622119
 0.7770257998338149
 0.7940375001570125
 0.6641254300843271
 0.393846057718438
 0.1394615009579179
 0.03271946393521343
 0.03091959038503711
 0.03416077062872366
 0.02873495436630826
 0.1459200910860404
 0.460664002156183
 0.7563452977338081
 0.7592476784881323
 0.7152702431408194
 0.7379373109396115
 0.7089598029622658
 0.7066674796562014
 0.7057326838131034
 0.7015044201899304
 0.6982728701669249
 0.6971683030836725
 0.6942768661629591
 0.6931873683041538
 0.6885550118050041
 0.6790507530126055
 0.6592327410078096
 0.6491629698173226
 0.647733484988299
 0.6426196607091086
 0.6307154847496347
 0.6253496052019982
 0.6218621584847627
 0.7648605002397201
 0.7468606696382361
 0.7522087496135159
 0.7535834384553096
 0.7507309585719051
 0.7524778583016621
 0.74609375
 0.7477662352187607
 0.7495632233061768
 0.749918581648604
 0.7501166919892197
 0.752186761974687
 0.7538425382983662
 0.750308443886484
 0.7451964076640909
 0.74505891998174
 0.745305380433738
 0.7484820235047949
 0.748537398529351
 0.7484253080191321
 0.7503361942108451
 0.7513629933319224
 0.7490493535728417
 0.7464291390142934
 0.7470228640284152
 0.747021964975902
 0.7470131683196518
 0.7468743081949818
 0.7457415195713146
 0.7429254244566573
 0.7401597123565442
 0.7280822517406578
 0.820854482415722
 0.5776550420506591
 0.193908825198921
 0.04279126978572291
 0.02699191726287625
 0.04803926630460466
 0.03369774682191495
 0.03683198632810779
 0.01821019347207366
 0.01386875292235772
 0.1535401629006385
 0.5797454001508471
 0.7841742975310207
 0.7297931182075184
 0.7138980107938505
 0.7038731323184841
 0.7027745828811115
 0.6986860614201217
 0.694503977371418
 0.6910038078372635
 0.6896529635286955
 0.6866660610686125
 0.684838097687485
 0.6788300847784229
 0.6700394733205346
 0.6508754729567081
 0.6409244937317532
 0.6412482939804487
 0.6380669344286389
 0.6258913205512487
 0.6200050434181154
 0.6160794688036138
 0.7606085770515654
 0.7433598557458798
 0.7525172386945044
 0.7529291875621255
 0.7498733293872241
 0.7515849284822668
 0.7457071531107823
 0.7461018129367801
 0.7463222739175435
 0.7493953762683299
 0.7499998763285617
 0.7505165608832058
 0.7507264449232252
 0.7472464476172379
 0.7460937499999999
 0.7478041351572882
 0.749435713771118
 0.7510599169953498
 0.7526401518850669
 0.7528145790998554
 0.7541200945611271
 0.7558488345334692
 0.7451099778220929
 0.7435616989349043
 0.743552218060441
 0.7435351465920169
 0.743508212302753
 0.7434727484968617
 0.7427682451159638
 0.7421875
 0.7590534934508255
 0.763485028556208
 0.5702055838918901
 0.1891826622855373
 0.02611845264815496
 0.08222902877420017
 0.1083861845662542
 0.07878475070974451
 0.04972759001064641
 0.03170250110925204
 0.0592231338772675
 0.0433363421245983
 0.01579343127545342
 0.2714832254401186
 0.7331830621418957
 0.7504607347134654
 0.7284814820750866
 0.7064271955279282
 0.702347608382473
 0.6981963843242267
 0.6930095183883128
 0.6856305980296209
 0.6815051221067996
 0.6776193462789712
 0.6693796212154133
 0.651310474016242
 0.6466355653706501
 0.6332850425768115
 0.6263791379411134
 0.6270375692873228
 0.6243665750014836
 0.6117654387880809
 0.6040590072677906
 0.5981399702265974
 0.7582493650135482
 0.7438249970168392
 0.7521381677605358
 0.7518531151336268
 0.7470703125
 0.7490990894558009
 0.7424119825722196
 0.7455412179213576
 0.7461120730512825
 0.7468409436172443
 0.7473820353614183
 0.7499998064224209
 0.7492676844057902
 0.743666717019449
 0.7437902358117708
 0.7452866851863972
 0.7455497350410654
 0.7470172206291189
 0.7475075620513545
