# Created by Octave 4.0.3, Wed Jul 18 15:42:41 2018 CEST <silviabertoluzza@eduroam-053-045.wlan.univie.ac.at>
# name: a1
# type: matrix
# rows: 50
# columns: 1
 0.0004556008029391365
 -0.003458394991698548
 -0.001848109490089962
 0.008318186120322818
 -0.001649736659983435
 0.004200301049015669
 0.06473970721089896
 0.07361654228171227
 0.0215749064248802
 -0.001400103539405169
 0.000417666560564246
 0.1343402793062959
 0.09518040974404993
 0.03183100427288568
 -0.009215773930021862
 0.0001822971530096525
 0.001814812219351952
 0.03161517608993353
 0.02758886482473592
 -0.006745146721375331
 0.0006951726013648769
 0.00991126176991719
 0.01136962425822217
 -0.0009444640431706496
 0.0005481226203481787
 -0.00238008936028257
 0.02302761221170048
 0.0006415930352432742
 0.0130019324597225
 0.006383190131628435
 0.001504480929701074
 0.0007908673014149579
 -0.02935080197277919
 -0.002237021706157305
 -0.002204444277308113
 -0.003859020319687915
 -0.02585251649722525
 -0.02175609528205652
 -0.00609029032556572
 0.001585033231858827
 -0.009580392517177983
 0.01289116680348989
 0.02885019486469494
 -0.003469408580859845
 0.01202462962233264
 0.0001212100410980018
 -0.007676408833377165
 -0.007442062784125439
 -0.005818589773971533
 -0.002196472466193252


# name: T1
# type: matrix
# rows: 4096
# columns: 1
 0.7661260280856989
 0.7388892710002839
 0.7501089448573133
 0.7567016262403514
 0.7530460629609989
 0.7540509523561456
 0.7542806858042366
 0.7526594992531024
 0.7542230442291632
 0.7488571896440597
 0.7491883857240261
 0.7499999999999999
 0.7505299164055081
 0.7536616702241318
 0.7539250476824122
 0.7546805239683662
 0.7533523895354651
 0.7421001427984049
 0.7432212620297788
 0.7444345456000544
 0.7458582390862297
 0.746866389189221
 0.7469016557066078
 0.7455127673710505
 0.7480593104416309
 0.7508469584205016
 0.7541614723701815
 0.7563299574120703
 0.7548847437188899
 0.7511728243282469
 0.7470056721442011
 0.7427228196131772
 0.7602531915414357
 0.7375731852040743
 0.7300336186441013
 0.7080971395504974
 0.7402725802859264
 0.7658431216096269
 0.7487766622647533
 0.7522461325165638
 0.7925602101714792
 0.7989087998623667
 0.7657873050934465
 0.7425707193330668
 0.7352610797667243
 0.7403367482689857
 0.727981725157657
 0.7226176263743376
 0.7221082539906437
 0.7184220481529541
 0.7143837136626197
 0.7101970724831772
 0.7063354336451244
 0.702698758106533
 0.699673506179454
 0.6956693089025253
 0.6889640033756074
 0.6776264863102309
 0.6588873794124381
 0.6522101872987424
 0.652300335152233
 0.6379802108789475
 0.6304999875750115
 0.6539422333202428
 0.7590104393269004
 0.7514605650406361
 0.7373983404128047
 0.751856953391971
 0.7539797887397114
 0.7503186167029439
 0.7494127067379424
 0.7567355282517693
 0.7505188022930578
 0.7532638025099161
 0.7465971745624023
 0.7461189038741548
 0.7478436600123599
 0.7483955515620928
 0.7499641622624333
 0.7502992570075796
 0.7536308639338386
 0.7518625063899939
 0.7442204336984021
 0.7429594483906983
 0.743953347835895
 0.7444817711378996
 0.7433343990880481
 0.742918728989328
 0.7425152488963844
 0.7472774673319296
 0.7503102129124516
 0.7514234053600174
 0.7517173486583191
 0.7495749547319807
 0.7467010257273503
 0.7426932954416237
 0.7579423861719906
 0.7210822732054802
 0.7980315932830295
 0.7862051117055173
 0.604924416212485
 0.439170238526701
 0.375173694382597
 0.3759737513596488
 0.4619847717008683
 0.6663944456838057
 0.7817768589117492
 0.7596693319253318
 0.7407320944041175
 0.7193424203413462
 0.7230888495387723
 0.7182469198320811
 0.7093584650485284
 0.7075514204954348
 0.7042024001973034
 0.6994242422410052
 0.6958368100659238
 0.6941290130503934
 0.6899681188798974
 0.6891156356297277
 0.6852738914327219
 0.6783219220861468
 0.6590942663613149
 0.645601621617376
 0.6453667432677996
 0.6322871458836918
 0.6219947258758892
 0.6438248009480751
 0.7511015017172902
 0.7619227858083228
 0.741727762920327
 0.7370430469117883
 0.7487647370944009
 0.7526562742707746
 0.750408760525253
 0.7483258156590671
 0.7533825324478726
 0.747440884584377
 0.7527014597241207
 0.7428458532818953
 0.743302421072084
 0.7460937500000001
 0.7464980552614061
 0.7482197030930009
 0.7493923824694618
 0.75
 0.7466788362759099
 0.7461887520184535
 0.7489941342823381
 0.7506752995082934
 0.7514701431836196
 0.7530019591117937
 0.7542293330917611
 0.7461618559686662
 0.7465603578240446
 0.746942396312871
 0.7472918979805454
 0.746624140545645
 0.7444311008608705
 0.7420170035417007
 0.7408228181816643
 0.7978294766656139
 0.6227733344896816
 0.3147223408334415
 0.06812022951953338
 0.02389027510202542
 0.03938981300899416
 0.04542900789219655
 0.06132515367558168
 0.2947155816035846
 0.6243453061897598
 0.8160896737973536
 0.7427878115936808
 0.7170248807303831
 0.7280908681193531
 0.7087154832559077
 0.7040288438536935
 0.7016179966913856
 0.6977314402421436
 0.6941120289756397
 0.6897694595178802
 0.6873277501444085
 0.6831476284392339
 0.6796306182927494
 0.6667976782963324
 0.6545210603052377
 0.6459912711550129
 0.6338983096352164
 0.632274139367186
 0.6285512302705831
 0.6179467438981381
 0.6395425033975274
 0.7447521659822115
 0.7632847216951019
 0.7527471593115115
 0.7348773433572403
 0.7397898591398777
 0.7505495496345926
 0.7534178886747445
 0.7484628187881319
 0.7503367795564749
 0.7500947805177142
 0.749606783972953
 0.747934896320291
 0.7421875
 0.7425202072210949
 0.7431034538500439
 0.7459262231841527
 0.7463649008782329
 0.7487978806645437
 0.7452531647162466
 0.7422738312440018
 0.7436018476965818
 0.7452474214464069
 0.7482740364965657
 0.7509098932054208
 0.7553914064678454
 0.7421629923429646
 0.7423863358960382
 0.7428499431671552
 0.7432265126658094
 0.7435824086563713
 0.7423039891386911
 0.7440286022594123
 0.7616866409207861
 0.6252805669736359
 0.2011071662372149
 0.02241222832584652
 0.03360058006682056
 0.05085043114462642
 0.02872749853930477
 0.030006792148764
 0.0151500238397729
 0.1021223691762605
 0.3834691545639772
 0.7109519231151907
 0.7881149076667456
 0.724736943263249
 0.7181039589503424
 0.7071801265120943
 0.7039085333224148
 0.7010248457136251
 0.6975746490274014
 0.6926666493026102
 0.6839468653882834
 0.6771780510555991
 0.6714467640310563
 0.666555905347649
 0.6578216764042776
 0.6421483905428137
 0.6401682087075966
 0.6264117212738635
 0.623022796886307
 0.6212784228915721
 0.602258907448178
 0.6218073616035245
 0.7373169557068052
 0.7547799640742194
 0.7597885686106003
 0.7424157010814944
 0.7334605161920569
 0.7466204695150865
 0.7521067989938202
 0.7496031979408544
 0.7445836164993478
 0.7540352958445741
 0.7469855505697655
 0.7475578748226307
 0.7419725875914505
 0.7421875
 0.7421875
 0.7453583085625348
 0.74609375
 0.74609375
 0.7428794579889983
 0.7389485692268866
 0.738811993234927
 0.7395877732006438
 0.7402679014727666
 0.7429342143057497
 0.7437201945849278
 0.738093440795036
 0.7370783281134337
 0.7358071134249655
 0.7389860996414377
 0.7399428713532387
 0.7421875000000001
 0.7667682585330764
 0.712345764748554
 0.2778013813704295
 0.02855882001865325
 0.09329412068916421
 0.1050761889381009
 0.06650753647156243
 0.03828862420399368
 0.04664071828400841
 0.04349737252539491
 0.03340092122659782
 0.2030540062809701
 0.5461851899334936
 0.7570679670782795
 0.7481921819090877
 0.7251422556016776
 0.7066565406432308
 0.7016360920238335
 0.6979583407451697
 0.6926609115667276
 0.6837437372340798
 0.6714717100357386
 0.6606141775367683
 0.6511158503988823
 0.6433172453016502
 0.6380312698289416
 0.6373138129421239
 0.6373860705784006
 0.6212267541563676
 0.614164460393695
 0.6153276328259097
 0.5931300486601081
 0.6041066009043847
 0.7323841069791315
 0.7448627493811698
 0.7609443329481863
 0.7464611042754993
 0.7345072763013248
 0.7449530265421619
 0.7486514006343035
 0.7451801761045074
 0.7439173311922411
 0.7595340375376567
 0.7485831953130324
 0.7409785194817278
 0.7393076370135984
 0.7421420058983896
 0.7443574275188786
 0.745940343959543
 0.7440952482511896
